100
1307
1249
1073
1158
1430
1272
1044
1378
1423
1209
1440
1165
1492
1042
1487
1003
1327
1229
1340
1112
1303
1169
1209
1157
1060
1433
1099
1278
1316
1335
1097
1326
1012
1267
1310
1133
1479
1149
1079
1321
1467
1172
1393
1336
1485
1245
1228
1091
1194
1357
1001
1153
1208
1444
1168
1490
1124
1196
1030
1403
1222
1166
1049
1024
1301
1353
1477
1408
1228
1433
1298
1481
1135
1013
1365
1314
1063
1036
1425
1169
1115
1094
1129
1001
1017
1195
1105
1404
1451
1298
1188
1123
1005
1382
1252
1066
1216
1337
1438
1144
