1000
16807
15249
10073
13658
18930
11272
17544
10878
17923
17709
14440
18165
14492
13042
17987
12503
12327
11729
18840
12612
14303
13169
17709
17157
19560
10933
13099
10278
11816
15335
19097
17826
13512
19267
13810
17633
10979
19149
16579
18821
11967
10672
11393
19336
15485
11745
15228
14091
10194
16357
15001
11153
16708
17944
15668
11490
18124
12196
19530
10903
17722
14666
18549
18024
17801
16853
10977
17408
18228
14933
10298
18981
18635
18013
13865
19814
19063
14536
19425
11669
14115
10094
15629
16501
16517
14195
10105
10404
19451
14298
12188
11123
19505
16882
16752
11566
16716
10337
14438
13144
11501
14897
13871
15828
11137
19358
13177
12397
12294
17904
11609
16231
19745
14175
13635
16298
18142
10399
17968
10412
10260
13557
11594
18008
16395
15968
19113
14530
11006
10962
17942
15365
12082
19852
10767
13821
15695
14712
13671
19901
18590
14831
14738
13057
11616
19790
15640
10679
17335
17006
17972
16098
19095
15319
13454
15223
12289
16760
18905
16126
16123
19506
15813
16770
15238
19094
16220
17844
12366
10534
15226
15394
11363
18738
17844
19590
16550
15159
18623
14947
17385
17217
15272
15539
19247
12385
13496
14885
10623
12420
18144
11968
15735
19915
11625
13534
16042
16011
14679
14152
15244
17295
18818
10396
17692
11815
12991
10033
12669
19397
19553
10547
15825
11210
19662
10211
13808
13377
12761
10625
17335
11868
17995
12776
12767
17439
19874
19331
10556
16301
18872
10560
10094
18984
13755
19789
11407
18015
10193
12769
15680
13455
16855
17506
10963
13502
16676
13108
13249
12331
17844
17638
10808
19997
18651
14849
15203
15731
16531
18014
15419
16775
12009
10180
17929
15223
14054
18260
16737
11545
17317
17525
14200
14256
11564
10597
16648
17704
15550
15150
11976
11412
18554
12797
12504
18381
14748
17065
19378
17699
18209
15129
18553
15483
10447
14607
10773
15322
14305
15176
10053
17224
14630
10366
15400
10444
15370
10285
13016
13898
18155
11133
15557
16576
13178
18266
17357
11711
17878
10614
14819
15737
13133
10591
13720
18762
16633
16197
16031
18588
10589
14873
18877
17304
19358
11200
17254
18960
14915
13947
15480
17730
19955
14546
17107
11238
10000
14926
15035
14857
11113
10114
19593
11360
18354
18418
15357
12585
13729
11015
16563
16102
10917
16643
19419
12967
17747
15269
15395
13303
14473
19103
11748
14385
15658
13459
15406
13930
19824
15132
10973
19603
16897
17920
13950
15231
18480
10203
13900
14520
12533
11258
17003
18676
10950
13934
18780
19879
11832
12574
13549
14542
16249
12771
16310
15879
10983
19970
12040
12723
13650
12971
13229
10318
17746
10299
17230
15621
10776
10124
18244
16958
17696
16771
19064
11560
16598
18751
19940
14503
19551
12801
17205
15080
10418
19274
19649
10413
13320
19025
12012
11783
14788
14117
14008
11550
15324
19195
11257
14511
15690
18666
12410
10593
10553
19565
10960
18742
11403
14352
17307
16141
14910
13200
12799
13127
10171
17787
14414
11625
16641
19517
15348
11842
14315
15974
11445
11373
12220
19911
19239
15054
11305
16929
12253
14189
15166
14356
19304
19860
15898
15592
11720
16116
11580
18867
19352
16939
18698
14901
10811
16616
16891
18671
11728
16671
11661
17045
13120
10240
17158
19453
19627
15350
13711
15563
19594
17533
11727
17827
18795
19531
17442
11516
15006
18515
16924
12601
17097
18661
17103
14324
10108
14936
12281
17015
13710
13216
11905
15973
17781
12720
10791
11169
17865
15827
19536
16728
17125
10384
10167
19949
10476
16046
11576
18666
17467
10520
17384
11991
15210
13258
18211
18744
19518
15718
11934
16825
10767
18689
19818
13014
11825
12918
18028
13029
18034
16727
11240
13754
16540
18396
10935
13083
18048
16865
17011
15252
13064
17876
17237
12675
10245
12710
10415
18192
14710
14747
13037
11299
18447
19715
11693
19579
17129
15164
13979
13501
15525
10289
14958
14033
11800
15089
17670
15217
10846
11038
19543
10338
15936
13321
17719
16496
11247
13788
18359
15987
15035
15235
13912
15684
15989
13784
13734
12667
10519
12615
17045
15976
16661
15825
12819
11631
12903
12698
16798
12639
14004
19503
10679
18765
17391
14107
14924
14365
17121
14454
17106
17450
11703
10832
11032
12141
11654
11977
12217
13900
17289
13465
14747
13622
19879
19317
11516
14048
12762
11029
19039
12708
15903
12657
10761
15752
11466
18621
14557
16996
16955
16930
11494
15555
12221
19312
12293
11427
12232
17444
14791
12198
19152
14856
13570
14303
17439
12914
15799
16766
11835
11921
16043
12752
14086
19719
19150
18410
18623
14669
19605
19943
17311
12431
17992
19816
18699
16971
10639
11370
15836
19891
12857
14833
13328
18177
14410
17683
15176
13489
12091
10434
14711
16904
11026
14891
10790
10522
19364
16890
14884
16813
11441
17127
16179
15784
14537
19870
17561
12581
14165
15802
17732
17332
17854
19759
19847
12377
10462
19010
13819
18150
13377
10941
13836
16720
12299
16112
14759
19956
14390
16152
10048
15014
19044
14918
10150
10101
11295
19821
15731
14501
18245
14961
16057
13510
13928
10805
12173
12137
19669
19096
14503
17421
18675
18518
14300
16489
10262
12054
18263
18643
14889
15250
16735
19415
11364
12494
10963
17758
15652
15092
17316
16714
11420
18060
17450
13368
18741
11847
19196
14787
12501
18234
13128
10571
17448
17875
17253
11871
19329
12293
13719
13471
18820
15764
11079
12630
14410
18080
16113
13342
18138
18382
16044
18828
18393
13575
10980
19000
15596
15947
17370
16087
16543
12733
12852
10261
16824
14400
12380
10778
11857
13423
19498
17014
12845
11662
18509
16610
16849
19218
19290
15055
15743
18555
16385
16534
16275
17321
11151
11226
15251
14459
12783
16714
16437
17879
17698
14100
13137
14285
15878
18284
10342
14915
15960
13067
15140
10707
13566
10728
10562
16363
11969
12890
12623
12278
17313
15761
17010
14840
16978
16000
17394
14507
17656
16551
11786
13431
14544
10739
18776
17584
14252
14108
15514
11454
15019
13028
16671
12370
16663
17947
14024
14543
16854
16008
14981
10552
16288
18163
18359
11019
15379
15356
19461
18487
18353
13899
15788
14244
19880
12466
18283
15274
10236
18909
18567
11834
17939
19684
19651
19549
19266
17467
10110
19589
16327
17773
15581
19295
17936
17874
15435
18231
16972
13028
19798
19070
14587
16297
19089
12646
19090
18111
16612
17463
12112
13781
11951
19230
